route A: from the black keys        route B: from the thin dark lines        (errors in local white key widths)
picture                  family ratio   n  A:mean  worst >0.25 | top: mean  worst | B:mean  worst >0.25 | top: mean  worst | A-B agree
7years                   real     1.49  43   0.051  0.167     0 |      0.060  0.274 |  0.000  0.000     0 |      0.021  0.093 |   0.060
airplanes                real     1.53  40   0.044  0.144     0 |      0.033  0.098 |  0.000  0.000     0 |      0.017  0.041 |   0.040
derulo                   boundary 1.98  51   0.017  0.053     0 |      0.016  0.026 |  0.000  0.000     0 |      0.001  0.002 |   0.017
feather                  real     1.52  31   0.039  0.240     0 |      0.044  0.251 |  0.000  0.000     0 |      0.024  0.112 |   0.040
more-examples-1          real     1.54  21   0.016  0.060     0 |      0.007  0.014 |  0.000  0.000     0 |      0.015  0.056 |   0.049
more-examples-10         real     1.56  30   0.050  0.185     0 |      0.080  0.489 |  0.000  0.000     0 |      0.059  0.305 |   0.050
more-examples-11         real     1.53  43   0.032  0.095     0 |      0.012  0.048 |  0.000  0.000     0 |      0.016  0.038 |   0.042
more-examples-12         real     1.53  36   0.031  0.100     0 |      0.024  0.076 |  0.000  0.000     0 |      0.021  0.057 |   0.031
more-examples-13         real     1.54  43   0.031  0.125     0 |      0.021  0.051 |  0.000  0.000     0 |      0.022  0.077 |   0.034
more-examples-14         real     1.54  41   0.028  0.163     0 |      0.020  0.083 |  0.000  0.000     0 |      0.038  0.184 |   0.032
more-examples-2          real     1.53  24   0.022  0.065     0 |      0.010  0.034 |  0.000  0.000     0 |      0.023  0.049 |   0.023
more-examples-3          real     1.50  35   0.031  0.094     0 |      0.027  0.094 |  0.000  0.000     0 |      0.019  0.046 |   0.032
more-examples-4          real     1.53  41   0.031  0.067     0 |      0.028  0.080 |  0.000  0.000     0 |      0.017  0.048 |   0.034
more-examples-5          real     1.53  35   0.025  0.079     0 |      0.016  0.041 |  0.000  0.000     0 |      0.017  0.037 |   0.078
more-examples-6          real     1.50  43   0.039  0.168     0 |      0.051  0.276 |  0.000  0.000     0 |      0.026  0.112 |   0.053
more-examples-7          real     1.56  41   0.039  0.118     0 |      0.029  0.068 |  0.000  0.000     0 |      0.022  0.078 |   0.041
more-examples-8          real     1.53  45   0.039  0.131     0 |      0.028  0.065 |  0.000  0.000     0 |      0.020  0.043 |   0.039
more-examples-9          real     1.53  39   0.030  0.162     0 |      0.044  0.342 |  0.000  0.000     0 |      0.036  0.181 |   0.028
not-immediate-strokes    real     1.52  42   0.033  0.095     0 |      0.046  0.328 |  0.000  0.000     0 |      0.047  0.278 |   0.036
ode1                     real     1.53  35   0.028  0.090     0 |      0.024  0.069 |  0.000  0.000     0 |      0.026  0.074 |   0.032
ode2                     real     1.53  34   0.027  0.072     0 |      0.025  0.053 |  0.000  0.000     0 |      0.019  0.057 |   0.031
ode3                     real     1.53  34   0.031  0.067     0 |      0.031  0.093 |  0.000  0.000     0 |      0.016  0.043 |   0.033
shut-up-and-dance        real     1.51  32   0.014  0.030     0 |      0.054  0.279 |  0.000  0.000     0 |      0.041  0.261 |   0.014
superestrella            real     1.55  42   0.014  0.037     0 |      0.015  0.024 |  0.000  0.000     0 |      0.001  0.003 |   0.014

TOTAL over 901 truth borders and 265 top edge borders:
  route A  mean 0.031  over the margin 0   top edge mean 0.031
  route B  mean 0.000  over the margin 0   top edge mean 0.024
